
['08', '02', '22', '97', '38', '15', '00', '40', '00', '75', '04', '05', '07', '78', '52', '12', '50', '77', '91', '08']
['49', '49', '99', '40', '17', '81', '18', '57', '60', '87', '17', '40', '98', '43', '69', '48', '04', '56', '62', '00']
['81', '49', '31', '73', '55', '79', '14', '29', '93', '71', '40', '67', '53', '88', '30', '03', '49', '13', '36', '65']
['52', '70', '95', '23', '04', '60', '11', '42', '69', '24', '68', '56', '01', '32', '56', '71', '37', '02', '36', '91']
['22', '31', '16', '71', '51', '67', '63', '89', '41', '92', '36', '54', '22', '40', '40', '28', '66', '33', '13', '80']
['24', '47', '32', '60', '99', '03', '45', '02', '44', '75', '33', '53', '78', '36', '84', '20', '35', '17', '12', '50']
['32', '98', '81', '28', '64', '23', '67', '10', '26', '38', '40', '67', '59', '54', '70', '66', '18', '38', '64', '70']
['67', '26', '20', '68', '02', '62', '12', '20', '95', '63', '94', '39', '63', '08', '40', '91', '66', '49', '94', '21']
['24', '55', '58', '05', '66', '73', '99', '26', '97', '17', '78', '78', '96', '83', '14', '88', '34', '89', '63', '72']
['21', '36', '23', '09', '75', '00', '76', '44', '20', '45', '35', '14', '00', '61', '33', '97', '34', '31', '33', '95']
['78', '17', '53', '28', '22', '75', '31', '67', '15', '94', '03', '80', '04', '62', '16', '14', '09', '53', '56', '92']
['16', '39', '05', '42', '96', '35', '31', '47', '55', '58', '88', '24', '00', '17', '54', '24', '36', '29', '85', '57']
['86', '56', '00', '48', '35', '71', '89', '07', '05', '44', '44', '37', '44', '60', '21', '58', '51', '54', '17', '58']
['19', '80', '81', '68', '05', '94', '47', '69', '28', '73', '92', '13', '86', '52', '17', '77', '04', '89', '55', '40']
['04', '52', '08', '83', '97', '35', '99', '16', '07', '97', '57', '32', '16', '26', '26', '79', '33', '27', '98', '66']
['88', '36', '68', '87', '57', '62', '20', '72', '03', '46', '33', '67', '46', '55', '12', '32', '63', '93', '53', '69']
['04', '42', '16', '73', '38', '25', '39', '11', '24', '94', '72', '18', '08', '46', '29', '32', '40', '62', '76', '36']
['20', '69', '36', '41', '72', '30', '23', '88', '34', '62', '99', '69', '82', '67', '59', '85', '74', '04', '36', '16']
['20', '73', '35', '29', '78', '31', '90', '01', '74', '31', '49', '71', '48', '86', '81', '16', '23', '57', '05', '54']
['01', '70', '54', '71', '83', '51', '54', '69', '16', '92', '33', '48', '61', '43', '52', '01', '89', '19', '67', '48']

08 49 31 23 

02 99 73 04 

22 40 55 60 

97 17 79 11 

38 81 14 42 

15 18 29 69 

00 57 93 24 

40 60 71 68 

00 87 40 56 

75 17 67 01 

04 40 53 32 

05 98 88 56 

07 43 30 71 

78 69 03 37 

52 48 49 02 

12 04 13 36 

50 56 36 91 

49 49 95 71 

49 31 23 51 

99 73 04 67 

40 55 60 63 

17 79 11 89 

81 14 42 41 

18 29 69 92 

57 93 24 36 

60 71 68 54 

87 40 56 22 

17 67 01 40 

40 53 32 40 

98 88 56 28 

43 30 71 66 

69 03 37 33 

48 49 02 13 

04 13 36 80 

81 70 16 60 

49 95 71 99 

31 23 51 03 

73 04 67 45 

55 60 63 02 

79 11 89 44 

14 42 41 75 

29 69 92 33 

93 24 36 53 

71 68 54 78 

40 56 22 36 

67 01 40 84 

53 32 40 20 

88 56 28 35 

30 71 66 17 

03 37 33 12 

49 02 13 50 

52 31 32 28 

70 16 60 64 

95 71 99 23 

23 51 03 67 

04 67 45 10 

60 63 02 26 

11 89 44 38 

42 41 75 40 

69 92 33 67 

24 36 53 59 

68 54 78 54 

56 22 36 70 

01 40 84 66 

32 40 20 18 

56 28 35 38 

71 66 17 64 

37 33 12 70 

22 47 81 68 

31 32 28 02 

16 60 64 62 

71 99 23 12 

51 03 67 20 

67 45 10 95 

63 02 26 63 

89 44 38 94 

41 75 40 39 

92 33 67 63 

36 53 59 08 

54 78 54 40 

22 36 70 91 

40 84 66 66 

40 20 18 49 

28 35 38 94 

66 17 64 21 

24 98 20 05 

47 81 68 66 

32 28 02 73 

60 64 62 99 

99 23 12 26 

03 67 20 97 

45 10 95 17 

02 26 63 78 

44 38 94 78 

75 40 39 96 

33 67 63 83 

53 59 08 14 

78 54 40 88 

36 70 91 34 

84 66 66 89 

20 18 49 63 

35 38 94 72 

32 26 58 09 

98 20 05 75 

81 68 66 00 

28 02 73 76 

64 62 99 44 

23 12 26 20 

67 20 97 45 

10 95 17 35 

26 63 78 14 

38 94 78 00 

40 39 96 61 

67 63 83 33 

59 08 14 97 

54 40 88 34 

70 91 34 31 

66 66 89 33 

18 49 63 95 

67 55 23 28 

26 58 09 22 

20 05 75 75 

68 66 00 31 

02 73 76 67 

62 99 44 15 

12 26 20 94 

20 97 45 03 

95 17 35 80 

63 78 14 04 

94 78 00 62 

39 96 61 16 

63 83 33 14 

08 14 97 09 

40 88 34 53 

91 34 31 56 

66 89 33 92 

24 36 53 42 

55 23 28 96 

58 09 22 35 

05 75 75 31 

66 00 31 47 

73 76 67 55 

99 44 15 58 

26 20 94 88 

97 45 03 24 

17 35 80 00 

78 14 04 17 

78 00 62 54 

96 61 16 24 

83 33 14 36 

14 97 09 29 

88 34 53 85 

34 31 56 57 

21 17 05 48 

36 53 42 35 

23 28 96 71 

09 22 35 89 

75 75 31 07 

00 31 47 05 

76 67 55 44 

44 15 58 44 

20 94 88 37 

45 03 24 44 

35 80 00 60 

14 04 17 21 

00 62 54 58 

61 16 24 51 

33 14 36 54 

97 09 29 17 

34 53 85 58 

78 39 00 68 

17 05 48 05 

53 42 35 94 

28 96 71 47 

22 35 89 69 

75 31 07 28 

31 47 05 73 

67 55 44 92 

15 58 44 13 

94 88 37 86 

03 24 44 52 

80 00 60 17 

04 17 21 77 

62 54 58 04 

16 24 51 89 

14 36 54 55 

09 29 17 40 

16 56 81 83 

39 00 68 97 

05 48 05 35 

42 35 94 99 

96 71 47 16 

35 89 69 07 

31 07 28 97 

47 05 73 57 

55 44 92 32 

58 44 13 16 

88 37 86 26 

24 44 52 26 

00 60 17 79 

17 21 77 33 

54 58 04 27 

24 51 89 98 

36 54 55 66 

86 80 08 87 

56 81 83 57 

00 68 97 62 

48 05 35 20 

35 94 99 72 

71 47 16 03 

89 69 07 46 

07 28 97 33 

05 73 57 67 

44 92 32 46 

44 13 16 55 

37 86 26 12 

44 52 26 32 

60 17 79 63 

21 77 33 93 

58 04 27 53 

51 89 98 69 

19 52 68 73 

80 08 87 38 

81 83 57 25 

68 97 62 39 

05 35 20 11 

94 99 72 24 

47 16 03 94 

69 07 46 72 

28 97 33 18 

73 57 67 08 

92 32 46 46 

13 16 55 29 

86 26 12 32 

52 26 32 40 

17 79 63 62 

77 33 93 76 

04 27 53 36 

04 36 16 41 

52 68 73 72 

08 87 38 30 

83 57 25 23 

97 62 39 88 

35 20 11 34 

99 72 24 62 

16 03 94 99 

07 46 72 69 

97 33 18 82 

57 67 08 67 

32 46 46 59 

16 55 29 85 

26 12 32 74 

26 32 40 04 

79 63 62 36 

33 93 76 16 

88 42 36 29 

36 16 41 78 

68 73 72 31 

87 38 30 90 

57 25 23 01 

62 39 88 74 

20 11 34 31 

72 24 62 49 

03 94 99 71 

46 72 69 48 

33 18 82 86 

67 08 67 81 

46 46 59 16 

55 29 85 23 

12 32 74 57 

32 40 04 05 

63 62 36 54 

04 69 35 71 

42 36 29 83 

16 41 78 51 

73 72 31 54 

38 30 90 69 

25 23 01 16 

39 88 74 92 

11 34 31 33 

24 62 49 48 

94 99 71 61 

72 69 48 43 

18 82 86 52 

08 67 81 01 

46 59 16 89 

29 85 23 19 

32 74 57 67 

40 04 05 48 

0
